cyclic =        1767        1510        1963        2269        2179        2069        1555        1669        2061        1526        2054        1326        1896        2728        1904        1722        2051        1904        2255        1132        1547        1811        2024        1620        1722        2405        1943        1912        2243        2009        2205        1483        1528        1805        1694        1518        2290        1247        1699        1920        1446        1371        1633        1446        1789        1527        2025        2502        1873         843        1490        1576        1680        1905        2180        1670        1929        1827        1644        1937        1483        1834        2375        1463        1696        1767        2069        1788        1156        1415        1550        1749        1260        1641        2193        1915        1884        1558        1810        1892        1428        1124        1580        1733        1847        1534        1635        2315        1880        1386        2140        1504        1803        1589        1636        2234        1712        1928        2083        1877

twopoint =         1500        1655        1590        1642        1796        1474        1437        1596        2000        2136        1128        2039        1832        1643        1778        1692        1727        1823        1875        1913        1557        1880        1146        1320        1863        1753        1126        2077        1290        2062        1732        1540        2059        1642        1408        1736        2165        1721        1772        1591        1698        1590        1814        1411        1732        1724        1728        1294        1813        1216        1324        1597        1411        1785        1622        1290        1790        2002        1291        1454        1951        1703        1408        2202        1743        2089        1616        2118        1964        1103        1527        1128        1411        1209         871        1588        1535        1504        1649        1521        2167        2088        1456        1833        2154        1470        1199        1200        1411        1743        1642        2031        1827        1721        1232        1547        1291        1812        1582        1906

formation =        1571        1522        1242        1801        1846        1368         975        2176        1253        1412        1712        1941        1923        1236        1134        1628        1392        1613        1825         925        1268        1645        1050        1098        1876        1342        1649        1704        1160        1372        1711        1621        1487        1618        1352         952        1123        1155        1990        1398        1745        1551        1478        1628        1358         981        1764        1200         980        1160        1359         923        1585        1579        1487        2336        1585        1433        1181        1848        1434         940        1526        1581        1361        1613        1405        1512         881        1670        1254        1459        1307        1556        1000        1530        1635        1854        1289        1241        1738        1216        1441        1576        1434        1657        1423        1569        1666        2097        1189        1381        1647        1131        1072        1319        1255        1849        1795        1768

cyclic = 1.0e+04 *    1.9857    1.8430    2.0966    1.3526    2.1612    2.0706    1.0396    1.9552    2.4871    1.8703    1.5418    2.0927    1.7292    1.7322    2.4978    2.0536    1.9908    2.0199    1.6900    1.4628    1.6481    1.9159    1.5705    2.0505    2.7119    1.3208    1.5628    1.5068    2.6866    1.0292    2.6734    2.5849    1.4164    1.8481    2.0423    2.3272    2.1788    2.1493    2.1045    2.5211    1.6520    1.7393    1.9207    1.0159    2.1069    1.9104    2.0235    1.9630    1.1326    1.7461    1.9427    1.5385    2.6982    2.0174    2.1956    2.1203    1.9409    2.9495    1.3268    1.5080    2.6117    2.0610    1.5829    2.4150    1.9617    1.4388    2.2374    2.3159    0.8807    1.9994    2.1011    1.9143    1.9394    2.0820    1.4140    2.4388    1.9512    1.8610    1.8938    1.7564    2.0689    1.8367    1.7083    2.0794    1.5396    2.3270    1.6302    1.7629    2.9733    1.5618    2.9891    1.4815    2.0859    2.2135    1.7764    2.1518    1.6240    1.5387    2.1921    2.2703

twopoint = 1.0e+04 *    1.1375    1.4501    1.4451    1.6831    1.2624    1.5054    0.9888    1.5996    1.7460    1.8854    1.4930    1.5022    1.1795    1.4893    2.1231    1.3603    1.6262    1.6332    1.8054    2.0048    1.4678    1.5028    1.4836    1.6172    1.3729    1.9390    1.8285    1.0343    1.8508    1.5683    1.9217    1.4080    1.7779    1.2677    1.3245    1.8287    1.9905    2.0541    1.0415    1.3459    1.9013    1.5408    1.2696    1.2271    1.3970    1.2560    1.7811    1.3738    2.0364    1.8624    1.5466    2.4586    1.3148    1.1908    1.6910    1.8394    1.5961    1.5821    1.9532    1.5412    1.9125    1.5118    1.7236    1.7860    1.5245    1.5935    2.2569    1.2108    0.9886    1.5329    1.7467    1.1378    1.5026    1.1848    2.2154    1.6003    1.3056    1.5181    1.7032    1.6732    1.1344    1.4386    1.5631    1.4568    2.0217    1.6944    1.9778    1.8190    1.0498    2.2350    1.1958    1.5809    1.7859    2.0297    0.9648    1.8219    1.4027    1.8448    1.8372    1.5916

formation = 1.0e+04 *    1.1503    1.1473    1.2617    0.9521    1.4526    1.3040    1.0998    1.0733    1.0679    1.2277    1.1849    1.5248    1.2631    0.7786    1.5996    1.3050    0.8448    1.0388    1.3647    1.3416    1.1887    1.3645    1.4942    1.1441    1.3560    1.4958    1.2988    0.7369    1.2139    1.3510    1.2078    0.9313    1.3411    1.1889    1.2034    1.2587    1.1660    0.8332    1.0131    1.2701    1.1065    1.2213    1.2523    1.5375    1.0470    1.6610    1.2510    1.1947    1.4908    1.6460    1.0664    1.3078    1.3365    1.4702    0.9470    1.5762    1.1533    1.2759    0.9890    0.8642    1.4787    1.4900    1.3161    1.1101    0.9766    1.1295    1.1568    1.2932    1.2496    1.0151    0.9767    1.6526    1.1844    1.6410    0.9338    1.0172    1.0235    1.0003    1.3194    1.7801    1.0660    1.4517    1.5261    1.3060    1.0955    1.2190    1.0356    1.4697    1.3799    1.6200    0.9780    1.5484    1.4441    0.7962    1.2277    0.6706    1.5392    1.3033    1.2467    1.3219