0.0 0.0 0.0 0.0 0.0 0.0 0.0 0.0 0.0 0.0 0.0 0.0 0.0 0.0 0.0 0.0 0.0 0.0 0.0 0.0 0.0 0.0 0.0 0.0 7.0710678118654755 0.0 0.0 0.0 0.0 0.0 6.708203932499369 0.0 11.704699910719626 0.0 0.0 
0.0 0.0 0.0 6.082762530298219 0.0 0.0 9.486832980505138 0.0 0.0 8.246211251235321 0.0 0.0 0.0 0.0 11.180339887498949 0.0 0.0 0.0 0.0 0.0 0.0 12.806248474865697 0.0 0.0 0.0 0.0 0.0 0.0 15.652475842498529 0.0 0.0 0.0 0.0 0.0 0.0 
0.0 0.0 0.0 0.0 0.0 0.0 0.0 0.0 0.0 0.0 0.0 0.0 4.123105625617661 0.0 0.0 3.1622776601683795 0.0 8.94427190999916 0.0 0.0 0.0 0.0 0.0 0.0 0.0 0.0 0.0 0.0 0.0 0.0 0.0 0.0 0.0 5.830951894845301 0.0 
0.0 6.082762530298219 0.0 0.0 0.0 0.0 0.0 0.0 0.0 0.0 0.0 0.0 0.0 0.0 11.045361017187261 0.0 0.0 6.324555320336759 0.0 0.0 0.0 0.0 0.0 0.0 0.0 13.416407864998739 0.0 11.180339887498949 0.0 0.0 0.0 0.0 0.0 0.0 0.0 
0.0 0.0 0.0 0.0 0.0 0.0 17.4928556845359 0.0 0.0 0.0 0.0 0.0 0.0 0.0 0.0 0.0 0.0 0.0 6.708203932499369 0.0 0.0 0.0 0.0 0.0 5.0 0.0 0.0 0.0 10.04987562112089 0.0 0.0 0.0 0.0 0.0 0.0 
0.0 0.0 0.0 0.0 0.0 0.0 0.0 0.0 0.0 0.0 0.0 0.0 0.0 0.0 0.0 0.0 0.0 0.0 0.0 0.0 0.0 0.0 0.0 0.0 0.0 3.605551275463989 0.0 8.94427190999916 0.0 0.0 0.0 0.0 0.0 0.0 0.0 
0.0 9.486832980505138 0.0 0.0 17.4928556845359 0.0 0.0 0.0 0.0 13.038404810405298 0.0 0.0 0.0 0.0 0.0 0.0 0.0 0.0 0.0 0.0 0.0 7.0710678118654755 0.0 0.0 18.681541692269406 0.0 0.0 0.0 11.180339887498949 0.0 0.0 0.0 10.0 0.0 0.0 
0.0 0.0 0.0 0.0 0.0 0.0 0.0 0.0 0.0 8.94427190999916 0.0 0.0 0.0 0.0 6.708203932499369 0.0 0.0 0.0 0.0 0.0 0.0 0.0 0.0 3.1622776601683795 0.0 0.0 0.0 0.0 0.0 0.0 0.0 3.605551275463989 0.0 0.0 0.0 
0.0 0.0 0.0 0.0 0.0 0.0 0.0 0.0 0.0 0.0 0.0 10.816653826391969 0.0 4.47213595499958 0.0 0.0 0.0 0.0 0.0 8.06225774829855 0.0 0.0 10.63014581273465 0.0 0.0 0.0 0.0 0.0 14.317821063276353 0.0 0.0 0.0 0.0 0.0 0.0 
0.0 8.246211251235321 0.0 0.0 0.0 0.0 13.038404810405298 8.94427190999916 0.0 0.0 0.0 5.0 0.0 0.0 7.280109889280518 0.0 0.0 0.0 0.0 0.0 0.0 0.0 0.0 9.055385138137417 0.0 0.0 0.0 0.0 12.041594578792296 0.0 0.0 0.0 0.0 0.0 0.0 
0.0 0.0 0.0 0.0 0.0 0.0 0.0 0.0 0.0 0.0 0.0 0.0 0.0 0.0 0.0 11.661903789690601 0.0 0.0 0.0 0.0 0.0 0.0 0.0 0.0 0.0 0.0 0.0 0.0 0.0 0.0 0.0 0.0 0.0 4.47213595499958 0.0 
0.0 0.0 0.0 0.0 0.0 0.0 0.0 0.0 10.816653826391969 5.0 0.0 0.0 0.0 0.0 0.0 0.0 0.0 0.0 0.0 0.0 0.0 0.0 14.142135623730951 6.4031242374328485 0.0 0.0 0.0 0.0 10.295630140987 0.0 0.0 0.0 0.0 0.0 0.0 
0.0 0.0 4.123105625617661 0.0 0.0 0.0 0.0 0.0 0.0 0.0 0.0 0.0 0.0 0.0 0.0 0.0 5.385164807134504 0.0 0.0 0.0 0.0 0.0 0.0 0.0 0.0 0.0 0.0 0.0 0.0 0.0 0.0 0.0 0.0 4.123105625617661 0.0 
0.0 0.0 0.0 0.0 0.0 0.0 0.0 0.0 4.47213595499958 0.0 0.0 0.0 0.0 0.0 0.0 0.0 0.0 0.0 0.0 0.0 0.0 0.0 9.848857801796104 0.0 0.0 0.0 0.0 0.0 0.0 0.0 0.0 0.0 0.0 0.0 0.0 
0.0 11.180339887498949 0.0 11.045361017187261 0.0 0.0 0.0 6.708203932499369 0.0 7.280109889280518 0.0 0.0 0.0 0.0 0.0 0.0 0.0 0.0 0.0 0.0 0.0 0.0 0.0 0.0 0.0 13.92838827718412 0.0 0.0 0.0 0.0 0.0 0.0 0.0 0.0 0.0 
0.0 0.0 3.1622776601683795 0.0 0.0 0.0 0.0 0.0 0.0 0.0 11.661903789690601 0.0 0.0 0.0 0.0 0.0 0.0 7.0710678118654755 0.0 0.0 0.0 0.0 0.0 0.0 0.0 0.0 0.0 6.708203932499369 0.0 0.0 0.0 0.0 0.0 0.0 0.0 
0.0 0.0 0.0 0.0 0.0 0.0 0.0 0.0 0.0 0.0 0.0 0.0 5.385164807134504 0.0 0.0 0.0 0.0 0.0 0.0 0.0 0.0 22.02271554554524 0.0 0.0 0.0 0.0 16.1245154965971 0.0 0.0 0.0 0.0 0.0 0.0 7.211102550927978 22.47220505424423 
0.0 0.0 8.94427190999916 6.324555320336759 0.0 0.0 0.0 0.0 0.0 0.0 0.0 0.0 0.0 0.0 0.0 7.0710678118654755 0.0 0.0 0.0 0.0 0.0 16.278820596099706 0.0 0.0 0.0 15.620499351813308 24.20743687382041 8.06225774829855 0.0 0.0 0.0 0.0 0.0 0.0 0.0 
0.0 0.0 0.0 0.0 6.708203932499369 0.0 0.0 0.0 0.0 0.0 0.0 0.0 0.0 0.0 0.0 0.0 0.0 0.0 0.0 0.0 0.0 0.0 2.8284271247461903 0.0 0.0 0.0 0.0 0.0 8.602325267042627 0.0 0.0 0.0 0.0 0.0 0.0 
0.0 0.0 0.0 0.0 0.0 0.0 0.0 0.0 8.06225774829855 0.0 0.0 0.0 0.0 0.0 0.0 0.0 0.0 0.0 0.0 0.0 0.0 0.0 0.0 3.605551275463989 0.0 0.0 0.0 0.0 0.0 0.0 0.0 0.0 0.0 0.0 0.0 
0.0 0.0 0.0 0.0 0.0 0.0 0.0 0.0 0.0 0.0 0.0 0.0 0.0 0.0 0.0 0.0 0.0 0.0 0.0 0.0 0.0 0.0 0.0 0.0 0.0 0.0 15.811388300841896 0.0 0.0 7.211102550927978 10.44030650891055 0.0 0.0 0.0 0.0 
0.0 12.806248474865697 0.0 0.0 0.0 0.0 7.0710678118654755 0.0 0.0 0.0 0.0 0.0 0.0 0.0 0.0 0.0 22.02271554554524 16.278820596099706 0.0 0.0 0.0 0.0 0.0 0.0 0.0 0.0 0.0 0.0 0.0 0.0 0.0 0.0 9.055385138137417 0.0 7.211102550927978 
0.0 0.0 0.0 0.0 0.0 0.0 0.0 0.0 10.63014581273465 0.0 0.0 14.142135623730951 0.0 9.848857801796104 0.0 0.0 0.0 0.0 2.8284271247461903 0.0 0.0 0.0 0.0 0.0 0.0 0.0 0.0 0.0 8.602325267042627 0.0 0.0 0.0 0.0 0.0 0.0 
0.0 0.0 0.0 0.0 0.0 0.0 0.0 3.1622776601683795 0.0 9.055385138137417 0.0 6.4031242374328485 0.0 0.0 0.0 0.0 0.0 0.0 0.0 3.605551275463989 0.0 0.0 0.0 0.0 0.0 0.0 0.0 0.0 0.0 0.0 0.0 5.385164807134504 0.0 0.0 0.0 
7.0710678118654755 0.0 0.0 0.0 5.0 0.0 18.681541692269406 0.0 0.0 0.0 0.0 0.0 0.0 0.0 0.0 0.0 0.0 0.0 0.0 0.0 0.0 0.0 0.0 0.0 0.0 0.0 0.0 0.0 0.0 0.0 0.0 0.0 14.866068747318506 0.0 0.0 
0.0 0.0 0.0 13.416407864998739 0.0 3.605551275463989 0.0 0.0 0.0 0.0 0.0 0.0 0.0 0.0 13.92838827718412 0.0 0.0 15.620499351813308 0.0 0.0 0.0 0.0 0.0 0.0 0.0 0.0 0.0 0.0 0.0 0.0 0.0 19.79898987322333 0.0 0.0 0.0 
0.0 0.0 0.0 0.0 0.0 0.0 0.0 0.0 0.0 0.0 0.0 0.0 0.0 0.0 0.0 0.0 16.1245154965971 24.20743687382041 0.0 0.0 15.811388300841896 0.0 0.0 0.0 0.0 0.0 0.0 0.0 0.0 12.727922061357855 0.0 0.0 0.0 0.0 11.180339887498949 
0.0 0.0 0.0 11.180339887498949 0.0 8.94427190999916 0.0 0.0 0.0 0.0 0.0 0.0 0.0 0.0 0.0 6.708203932499369 0.0 8.06225774829855 0.0 0.0 0.0 0.0 0.0 0.0 0.0 0.0 0.0 0.0 0.0 0.0 0.0 0.0 0.0 0.0 0.0 
0.0 15.652475842498529 0.0 0.0 10.04987562112089 0.0 11.180339887498949 0.0 14.317821063276353 12.041594578792296 0.0 10.295630140987 0.0 0.0 0.0 0.0 0.0 0.0 8.602325267042627 0.0 0.0 0.0 8.602325267042627 0.0 0.0 0.0 0.0 0.0 0.0 0.0 0.0 0.0 16.278820596099706 0.0 0.0 
0.0 0.0 0.0 0.0 0.0 0.0 0.0 0.0 0.0 0.0 0.0 0.0 0.0 0.0 0.0 0.0 0.0 0.0 0.0 0.0 7.211102550927978 0.0 0.0 0.0 0.0 0.0 12.727922061357855 0.0 0.0 0.0 10.816653826391969 0.0 8.06225774829855 0.0 4.123105625617661 
6.708203932499369 0.0 0.0 0.0 0.0 0.0 0.0 0.0 0.0 0.0 0.0 0.0 0.0 0.0 0.0 0.0 0.0 0.0 0.0 0.0 10.44030650891055 0.0 0.0 0.0 0.0 0.0 0.0 0.0 0.0 10.816653826391969 0.0 0.0 8.246211251235321 0.0 0.0 
0.0 0.0 0.0 0.0 0.0 0.0 0.0 3.605551275463989 0.0 0.0 0.0 0.0 0.0 0.0 0.0 0.0 0.0 0.0 0.0 0.0 0.0 0.0 0.0 5.385164807134504 0.0 19.79898987322333 0.0 0.0 0.0 0.0 0.0 0.0 0.0 0.0 0.0 
11.704699910719626 0.0 0.0 0.0 0.0 0.0 10.0 0.0 0.0 0.0 0.0 0.0 0.0 0.0 0.0 0.0 0.0 0.0 0.0 0.0 0.0 9.055385138137417 0.0 0.0 14.866068747318506 0.0 0.0 0.0 16.278820596099706 8.06225774829855 8.246211251235321 0.0 0.0 0.0 8.602325267042627 
0.0 0.0 5.830951894845301 0.0 0.0 0.0 0.0 0.0 0.0 0.0 4.47213595499958 0.0 4.123105625617661 0.0 0.0 0.0 7.211102550927978 0.0 0.0 0.0 0.0 0.0 0.0 0.0 0.0 0.0 0.0 0.0 0.0 0.0 0.0 0.0 0.0 0.0 0.0 
0.0 0.0 0.0 0.0 0.0 0.0 0.0 0.0 0.0 0.0 0.0 0.0 0.0 0.0 0.0 0.0 22.47220505424423 0.0 0.0 0.0 0.0 7.211102550927978 0.0 0.0 0.0 0.0 11.180339887498949 0.0 0.0 4.123105625617661 0.0 0.0 8.602325267042627 0.0 0.0 